0.8821230799947534,0.9840853379649642,0
1.8788044121883984,1.8512255034147895,1
1.0707450565040568,2.2505334294512274,2
1.579847218534173,0.6132398814263326,3
0.39579250192344373,1.4639386446422031,0
2.334370090265516,1.760113929699404,1
1.129255624963256,1.741174399979617,2
1.6318668571268091,1.0460749282584403,3
0.4927398144349793,0.7619178918794343,0
2.7713296619167203,1.899955873635687,1
1.1311627932507462,2.0930863235071624,2
1.8665724203978293,1.073800869105923,3
1.1422363440820613,0.6477793397716823,0
1.9071089184389092,2.138936654547751,1
0.9831805363760454,2.0544085469144644,2
2.021146814298849,1.7525240160271807,3
0.7007659247484344,0.7428938205340059,0
1.8806370202001839,1.8535798448409706,1
1.0256086069675627,2.014325015085285,2
1.9952330424897333,0.9300764293533956,3
1.15597475776461,1.6483343319006387,0
2.2427691464597594,2.2396578187489453,1
1.2158297261315347,2.087267105854222,2
2.0777317740500423,1.1719864729506346,3
1.0117491145902175,0.6838029347596971,0
1.8772325114250237,2.1217123621891405,1
1.0885614688168457,2.20740149440302,2
2.074650863957897,1.1658352900381492,3
1.1524687175750832,0.8313805734386843,0
1.8748603857332369,1.7826332743230793,1
1.1440048778106329,1.9552050329405364,2
2.376267751635648,0.8936310380465362,3
0.9945890784729713,1.3323405320844475,0
1.8871715885070257,2.12834017873361,1
0.5068630644681874,2.1674246799584065,2
2.302198112229563,1.0265661005145947,3
0.7884701521207557,1.0025527264660594,0
1.9273359148383713,1.8682031629452136,1
0.8863056182978495,2.2220502186439006,2
1.8843986999928237,0.9357859831110877,3
0.7516335816305285,0.9557537349246963,0
2.6001304224656154,2.3697052536966385,1
1.1254752210294852,2.1685116611777477,2
2.0522318383296776,1.1691503646836308,3
1.0725690825848855,0.7203310518079267,0
1.7865071128923105,1.8384090372661248,1
0.6402783589972216,1.9427283977313117,2
2.144020946458921,1.13211140582271,3
0.9041666760823189,0.9331970680704611,0
1.846660716258773,1.7270653914056187,1
0.5631363668457192,1.418181277436923,2
1.9900705770697904,1.1347669123715272,3
0.8196439266459032,0.6640925195506022,0
1.8446084523777015,2.119493435794966,1
0.7986615391475425,2.1749604556942397,2
2.220375333469806,1.169641853422248,3
0.5980190644136436,0.9565850025029093,0
1.7783563802629474,1.9140393045542992,1
0.8082847949279811,1.5649787138812379,2
2.1959708747032534,0.817839226864825,3
0.9238991995623271,1.6311258350944677,0
1.5252410654163233,1.9878066250394517,1
0.862284529977226,2.144662962050953,2
1.9959132423129236,0.9810429218626332,3
0.3113437344115334,1.031883870390124,0
1.9751884793814432,1.4030298824486862,1
0.8354115083625879,1.5677946047452882,2
1.984859815492658,0.6033889695401096,3
1.1047775375712325,1.3845625296906607,0
2.165653868893048,2.051834412133224,1
1.2266080370733068,1.5996395552190683,2
2.6043166212018556,1.045923363430789,3
1.1419466536409624,0.7612203061005172,0
2.3651735247555177,1.7978872616191963,1
0.5032142734676965,2.0003756273630033,2
2.0445878845582133,0.8598327608244151,3
1.000002760961104,1.153400472624218,0
1.882491768736183,1.5356294889148419,1
1.2985136426800887,2.2367813379168595,2
2.180153295026093,1.262041694312925,3
0.911326491179357,1.218075051345323,0
2.3941754555407173,1.561327120265385,1
1.411331126530185,2.281668055000196,2
1.483012104513755,1.1337337945923196,3
0.47162417211469865,1.4896529667203828,0
2.1580806208521577,2.068689677436392,1
0.7842579929724504,1.9497424882401617,2
1.8355592592908367,0.6121400390661803,3
1.4151220295499367,0.9050561110556541,0
2.081889822679513,2.3366434794132998,1
1.0970414318781025,1.7044080949392275,2
1.805659321492497,0.5474683687405735,3
1.1729132843409784,1.0135681323230112,0
1.6193626276913422,1.3160523577273486,1
0.9422383276041452,2.469908418759446,2
1.7729285534742374,1.0400170210804638,3
0.7654851258466329,1.0248081960863538,0
1.8900430233508732,2.49689063560885,1
1.0033372412462538,1.883340977870819,2
2.305415437861454,1.3514616812876783,3
1.2829462008190755,0.8922107586421771,0
1.929072872637538,1.8195746894018854,1
1.0198851152006982,1.8562078792753822,2
1.6008759649216824,1.355616588290855,3
0.8937446413825622,0.9789364874230122,0
2.1592189125968715,2.4130163220766407,1
1.0673156851349153,1.851631546942672,2
2.00416325639152,1.2658196920575633,3
1.1226112778466502,1.3615802490613107,0
1.6834330559562234,2.2212394852675956,1
1.3857083100260332,1.9437304959617212,2
2.024165906641756,1.0532972380145922,3
0.8204855837715627,1.1437961722924865,0
2.2248125270278494,2.164689099114196,1
0.46924337334644495,1.6727019448524587,2
2.0379729785077534,1.377465619591475,3
1.0611268374208016,0.474305031269906,0
2.1064127229893868,2.0313001696236213,1
0.724061428284855,1.9699708260509514,2
1.5158904083967024,0.9272225969739816,3
0.8813993888026184,0.9625717354273732,0
1.6176030700887483,1.9094083709441503,1
1.182921015065753,1.8775685689497166,2
2.701016959680439,1.059018864593535,3
0.9888078460717897,1.0922076953752125,0
2.1591928844034483,2.1272111587969698,1
0.7766395562697064,1.972010920090952,2
1.8211617367605915,1.2117024462956754,3
0.4229094945730859,1.01308303763233,0
1.8976108547501787,2.205611860495416,1
0.923150743622134,1.8130913292105202,2
1.8650436442061273,0.7759495196123095,3
0.8083244015307334,0.5928651612354237,0
2.23304649117383,1.8457731459295648,1
1.256866798014943,2.4814465849997474,2
1.8637184690262716,1.4441662096863446,3
1.1482934244048861,1.2079684697214699,0
2.085488516410119,2.0689380300795066,1
0.9070704037472956,1.891020064098322,2
1.8092596074597331,0.556310774676899,3
0.8152329223329293,1.2382826198209191,0
1.5739235647672545,2.0158829675435186,1
1.0745366936461138,2.038835018172362,2
2.0306334547364875,0.9981906567975345,3
0.8920908434437895,1.0188059316966454,0
1.6483100467454395,1.7744409720822827,1
1.3443063928475572,1.9292116825285985,2
1.413639733229187,0.6582903911727593,3
0.6892296959301287,1.4481606169118777,0
2.0151319055181673,2.216495365819393,1
1.086001148511026,1.9647762742676278,2
1.900272983055351,0.5973843751083645,3
0.2477941020673432,0.9741332920786878,0
2.1509891166124744,1.9343949444162842,1
0.9646227700662671,1.8778721351595715,2
1.9561038952213372,0.9197134025749941,3
1.196609514585777,0.42484880636828504,0
1.8659876082145639,2.004654725287442,1
1.099520808987274,1.7597232369506641,2
1.8956525906393709,1.0372650280436333,3
0.9464099992381786,0.9781592632378997,0
1.9636384913357003,1.6501782131004195,1
0.5962541896648217,2.181373986613948,2
2.1982471746214225,0.8330478528076133,3
1.2332612350437664,1.3530479282075314,0
2.2877751163453035,2.4606976502685245,1
0.9342720257847836,2.1127377338618767,2
1.9024978756873299,0.5775445834648547,3
0.8857620149929278,0.6083989848852535,0
2.045697008876418,2.388695959418678,1
0.73446130507875,1.835647416392413,2
2.494468656921386,0.8585684683484086,3
1.3867125758949335,1.3444700759375097,0
2.350041657128531,2.1456282769080177,1
1.159714205447187,1.720191239127483,2
1.8993948359056483,0.9429119539208147,3
0.8693251541505171,1.0992462534439125,0
2.0538154922539382,2.759331726463957,1
0.9802172972851262,2.4175879358054146,2
2.2973434209357624,0.9966623530330615,3
1.108008081462863,1.1601668818653466,0
2.1218979934754896,2.088653193628098,1
0.9186782910255524,1.979421456043018,2
2.0134764061576016,0.9112026775372956,3
1.0577587386650271,1.3978737806193542,0
2.164862955180701,2.0766976854776718,1
0.7653456492216403,1.2828043671735685,2
2.150821726331869,1.3077639154182155,3
0.5084308196088243,1.2943894701855903,0
1.8027916800891572,1.833321173882288,1
0.6487739017190157,1.834044966277656,2
1.734064111264132,0.8608298429984825,3
1.1076137240761732,0.9385848716142929,0
1.8033556741782955,2.2095848293877145,1
1.5638723277613735,2.3863482807624914,2
1.7682878357049687,0.8529615061914809,3
1.331924832208717,0.33712891649339816,0
2.113567101122069,2.4993051356365292,1
0.9934650600396006,1.7962817280296501,2
1.496665827860352,0.8118241023330773,3
1.3285278890386834,1.1091993622111058,0
1.8910441520682533,1.4037491216569673,1
1.0996425325839456,2.272300404774205,2
1.8831234616448829,1.2648123907371398,3
0.6795015112779574,1.1224970729116606,0
2.1695472736348043,1.7173318693664583,1
1.0174299395133914,2.07239642877044,2
2.0052049498073683,0.8311332173992392,3
0.9139913668226887,1.7312318130300894,0
2.6264437755800802,2.326062689445102,1
1.018898387432473,2.058049197813167,2
2.1973424195462825,1.099347463153878,3
1.5191104856285151,1.1246459188739835,0
1.759058723030232,2.014935224873716,1
0.611760017504489,2.2377332459569184,2
2.5646461034439354,1.3050080392509966,3
0.7965642925330891,0.8349854335719933,0
2.239665505326553,1.9332388002572196,1
0.9981971792175106,1.801306372613585,2
2.373566775044046,0.8424921971607828,3
0.9080620814196287,0.8415417526338227,0
2.229674038870867,1.9748406865365704,1
0.8681309366184813,1.942778586659238,2
2.3623790859996534,1.0228700496478134,3
0.7448062747873796,0.8328477986089243,0
2.5657525230804348,1.724580850544359,1
0.38942762715979695,0.9886770039772705,2
2.3653217588123594,1.3186391527567847,3
0.9218846432819383,0.8538031574622325,0
2.081220227825735,2.033769554153889,1
0.7919427444287013,1.8667861824524192,2
1.8935349421827161,1.0129254925619864,3
0.8024089236524835,0.7372696884719139,0
1.4025674879504435,1.630349921590898,1
0.7678018780126445,1.4805205293444832,2
1.7752494417753382,0.7154811308749562,3
1.7213728686351852,0.5833236826472363,0
2.026651341351181,2.0450202538085414,1
1.2500664725927852,2.350843844561114,2
2.105497807124795,1.1072695139842736,3
0.7111002870576066,1.122299972927436,0
2.056153404686158,1.8059454828718304,1
0.73101593831709,1.856678871922042,2
1.4461870854233994,0.9958714991527579,3
0.9084777352768286,1.1198757299865487,0
2.6005118850102207,2.3402280047248296,1
0.8498756707897017,1.838200351732895,2
2.054167983294053,1.1936825411166918,3
1.2260422375511564,1.3571210733423076,0
2.0392794276771165,2.071693645569301,1
0.7345176583151642,1.7720396807199863,2
1.9341550375597498,1.133453632017174,3
1.2126877776375047,0.7189219479832937,0
2.329190171498406,2.001572168195561,1
0.9143762275951752,2.3305035628358284,2
2.616335908143495,1.4709160068483458,3
1.3137130942233282,0.5008058824399427,0
2.05912595080875,2.0695390596125414,1
1.4364168312517354,1.984178231788649,2
2.960584604604265,0.8740528183990813,3
0.9676367699831366,0.859095059706313,0
1.9237561484871162,1.8315009326850218,1
1.1149354081278393,2.0769006964552372,2
2.0742811476443177,0.7559439667170489,3
0.6999607231738387,1.1673485636030372,0
2.084590344104459,1.7302168298718135,1
1.0571009382187155,1.9731894223455577,2
1.5758990693231967,0.8489715673149851,3
0.9481672135933781,1.2884584779848636,0
1.837443345004275,1.8094714320262462,1
0.9550949809369086,1.8598415767285401,2
1.575056252362428,0.8604962202674875,3
0.5806954431026536,1.2393731510881403,0
2.3581005302621607,2.262260490639626,1
1.0140927907757442,2.4102203672402274,2
2.0373678594333033,1.1680617481808262,3
1.1408387422140858,1.0357807840830568,0
2.169822633979069,1.793138026812621,1
0.8871472877431952,2.1969810479876197,2
2.5455504741511605,1.1286238096300025,3
0.5986997752255394,0.9287875254293732,0
1.9047095563445016,1.7813404510918567,1
0.8878815580809163,2.025789388225024,2
1.5785184059218929,1.1978645277172575,3
0.5625343576343456,0.4109370773533826,0
2.0797033234980615,1.7271053311256845,1
0.8838487483574722,1.3598092738228185,2
2.1459640596288954,0.7562680010388044,3
1.9276520854765056,1.27460104919688,0
1.8136433038005855,2.0576722486550865,1
0.714142695268828,1.7330923500608164,2
1.9109032501383558,1.1209867673444116,3
1.507021824734945,0.8786567093049378,0
2.140644262328792,2.066355650476131,1
0.8490024201234683,1.7226660057389434,2
1.7426627090550884,0.7968977830996408,3
1.1969145249726465,1.1972591101747443,0
2.078619994261093,2.1865627805239995,1
1.0189170536549172,1.9760974739465786,2
1.4235146657267377,0.8006758766451081,3
1.1701343643340083,1.0010350602799563,0
1.9148248556376306,2.0806876375567662,1
1.278023665708334,2.260576078697543,2
1.9679045921154468,0.849150787862613,3
0.9354418415246909,0.41462525385697035,0
2.2417766058486013,1.7941371467052256,1
0.3764041395630693,1.7366201137088475,2
1.5340541266400218,0.3858102049974218,3
1.1725748083996073,1.1197830120458558,0
2.379536988177792,2.2167794034577772,1
0.6874008611596889,1.6242984627976222,2
2.22417359959563,0.9099161276476301,3
1.3161861159286274,0.9224326237111349,0
1.5131260602746854,2.290007475596807,1
1.1045890053519989,1.9802555390485288,2
2.2433157330084246,0.6397359726223755,3
1.492658884008839,0.8734276383429034,0
1.9198818096869759,1.7005136983183646,1
1.5366501493571716,2.469329375109444,2
2.158482367247776,0.5954884324908262,3
0.6449115602485916,1.2653527575283259,0
2.371820846892521,2.543118546801081,1
1.0585443299636204,2.306034716636692,2
2.106900817767087,0.6017870847435935,3
0.8675316735692078,0.6451115049392131,0
2.2137672320776702,1.7871061369258865,1
0.709307562177088,1.8336951068466318,2
2.428586188006397,1.1541353983229026,3
1.035305458724745,1.2139711181338462,0
1.8060563984136977,1.8023236065821313,1
1.30124672834834,2.134177774082394,2
2.012671725061877,0.9190341707926251,3
1.0682894395204494,1.1406932197963202,0
2.4340238512647208,1.758428058967787,1
0.6242437741770452,1.716911837421208,2
2.272268854516371,1.1937986994588679,3
2.1621137664415224,1.23224805620844,0
1.778952580614294,1.796587278717124,1
0.815163494158691,1.689939058677832,2
2.200038553452959,0.5608444064111945,3
1.4332472427280682,0.4383179947842296,0
2.2290398806976857,1.8899283558785722,1
0.807995754096536,1.7172905917005417,2
1.733584117695308,0.7130879046032057,3
1.1032527267885253,1.2189434620060537,0
1.8741918175537298,2.2974531637436266,1
1.0788949492485946,2.1565918301536295,2
2.5825576576064178,1.6247426354480294,3
0.8969097450879905,0.7522355884650198,0
1.5419311004614962,2.2312302662168717,1
1.3381814742164047,2.0142260365826297,2
2.1374371241399377,0.9675636847249254,3
1.112152837233815,0.9110127511072675,0
1.707937009604489,1.8232093289856486,1
0.5671291548396038,1.7644894105698274,2
2.1629332379835873,1.0050045777298198,3
0.832060560390535,1.3251278585644686,0
1.77646347183628,1.8280391605550903,1
1.117263993459967,2.112378840938007,2
1.8054843125424573,0.8654913893511693,3
1.3777551577428233,1.0855965023190068,0
2.433905417310195,2.2202242247125943,1
0.7939861425718469,1.650040546036,2
1.9069333614576662,0.8253075112504104,3
0.8715249614905682,1.1454860089454433,0
2.092076537267383,1.7642177261389667,1
1.270903153893911,2.9121850548996835,2
1.7414206313494849,0.6835316276324392,3
1.234606272399633,1.178366827770741,0
2.336643828229004,1.900441722657695,1
1.4243000864466906,2.2953394359489168,2
1.8980685906569228,0.8395738229757803,3
0.5889264851291632,0.9043941349879226,0
1.8554537184163553,1.394325769093855,1
1.848035705472888,2.2257755187272106,2
1.8782837409522348,1.187638515767096,3
1.101578245704607,1.1759905097851917,0
2.3911386625209126,2.0797209533597982,1
1.1051956709232544,1.7343413305081787,2
1.7999787734971213,0.8219952342237784,3
1.2717501713760984,1.2144995260529676,0
1.591704300095532,1.9784767846082456,1
0.8674309341721036,1.8224231448481278,2
2.030299541645564,0.9104442511230362,3
0.6791662834495249,0.7999111573002561,0
2.028482580057797,2.2242464913850104,1
0.9536617356002599,2.1276960480704146,2
1.7902133444461925,0.9170465456004824,3
0.6545276618487036,1.5103830679015005,0
2.20332132743347,2.2006739532331276,1
0.6480805209563161,2.0325470270310153,2
1.7684566408415052,0.8460626149768171,3
1.051027599143884,1.1564584837468495,0
1.2556896226335863,1.5799004873041174,1
1.4442090577968734,2.2331181703365828,2
1.8471976808459705,1.1480594864313802,3
1.2921847430720905,0.9069440589584985,0
2.2425011211627113,1.7802471463979137,1
0.7267728218952935,1.9436408578957765,2
1.8962656891249134,1.1582285235845473,3
0.6744472052128452,0.8793612274119189,0
2.2990463591308283,1.8386966498730448,1
1.3057822174911178,1.9571675030019398,2
1.5109760081753112,1.0239571665032092,3
0.958097646601916,1.4246704897206952,0
2.3865317716334036,2.594192752296093,1
1.4230988222092988,1.5754866412784176,2
1.9000113914873737,1.0078959443858018,3
1.2459595129566519,0.692524353105971,0
1.8375515785587415,1.904730355679113,1
1.2525395055659252,2.569856954265966,2
1.7592863389523787,0.8201303827466518,3
1.1878701862485452,1.20785677277986,0
2.068408242986449,1.487282547957257,1
1.0276362779180865,2.604894991322259,2
1.8287923852452805,0.8998825546305268,3
0.6998004340589599,0.9693068071736238,0
1.8772875651165226,1.5001329207057768,1
0.9342549600202313,2.0098441349552605,2
2.106121297049853,0.884515526984043,3
0.47662672087900504,1.09347614046194,0
1.8381156184842133,1.9944969277148128,1
0.21278412638216115,1.4667315374034735,2
1.8360729775233782,1.0622945448009555,3
0.9107084760881432,0.6181617434356383,0
1.414028956503298,2.105502013373704,1
1.1571093179275334,1.99953351415166,2
1.9509426564523613,0.8972400431720873,3
0.802527421272544,1.0678684477810383,0
1.9890586143572682,1.8564517307978405,1
1.450500173952407,1.8658920342556233,2
1.6508551012905488,1.1983718173911784,3
0.8436022806526178,1.0847189762987544,0
2.204254306659534,2.293629176083972,1
0.9071821270403705,1.9130409545821212,2
2.06902128111671,0.8889638445559531,3
1.156316898750939,0.762286818666565,0
2.4250023825800944,1.9544200974035841,1
1.0467729676798154,2.292676471883122,2
1.6696196918348358,0.5433501156798841,3
0.9116765167674835,1.6066065681090484,0
1.9291105384714717,2.161602597068201,1
1.3999738012785563,1.8990842094880835,2
1.5257010009352654,0.7587526367843067,3
1.0342538311894307,0.7604806587992585,0
2.2517568011499556,1.8868718890315557,1
1.2838593400925324,2.2639254198543877,2
2.2742132109782114,1.2617376691800424,3
1.017101363078842,0.621389890329625,0
2.1838131315635145,1.7528428848205633,1
0.6672939804635454,2.1888436801868303,2
2.0304825969818507,1.0017532815080532,3
1.320388972661969,1.1047380261651167,0
2.0868172559414635,2.592219625703525,1
1.0353980366854507,2.173578125028882,2
1.8830985226035355,1.1637231583198462,3
1.307112428535922,1.2551748673451284,0
1.6027075003680775,2.2886758146911252,1
0.6783341084245756,1.8390341140736222,2
1.620366685735163,1.1486360417745283,3
1.11039250653369,1.2759157281992486,0
2.1501374003556095,2.5093362700804978,1
1.1009967411696746,1.7705493781363322,2
1.9916134806590522,1.0271369077668715,3
1.054185209845198,0.8126990068789777,0
1.575418182856959,2.503674175050807,1
0.8032754045904467,2.4060829421615972,2
1.7912002808103862,0.8302183049793271,3
0.7105062454413067,0.8732370173024455,0
2.1251521291684887,1.9711884800198247,1
0.9757659480383606,1.9555728106445376,2
1.9566620864250914,1.139019947750514,3
0.2913494259324859,1.5164692252195893,0
1.8725017477637629,1.9379597565848696,1
1.2636189419612918,2.324296374722696,2
2.3296382407745746,1.0152358329374114,3
0.5151885240812502,0.9783230578361121,0
1.9447463284180087,2.2605850537018677,1
0.6755491702254148,1.4968031891896993,2
1.9314624806049563,1.1845881787312607,3
0.62733569955499,0.4270756141142992,0
1.6922645855037242,1.9990771220992822,1
1.249186893896791,2.2199193366541095,2
1.906628404277592,0.6371532705844558,3
0.9767374950371371,0.9138272767407444,0
2.033379334906024,1.7875479125361846,1
1.2307639822523921,2.032553088486346,2
1.9845373804257247,1.166136762973772,3
0.9548231937888181,1.1552655339838402,0
2.0538775760042634,2.259296305295117,1
0.3790357256199206,1.5846022238269422,2
2.0086507707151227,0.7948458214510439,3
0.8250970004699926,1.1071392541509348,0
1.9158696743292665,2.5040895470122515,1
1.3789594401305707,2.3444944559198686,2
1.7845576137976706,0.7478617495033467,3
1.1451694306899676,0.9052917792993472,0
2.1302896184413074,1.8551783017882841,1
0.8410156634884807,1.7385541973117677,2
2.064719389851462,0.903653107638338,3
0.9198085709523091,1.1522893789498458,0
1.771491022646396,1.7644958449712733,1
0.986971296850318,1.6476114779423092,2
1.5116321045181338,0.9296837237845701,3
1.0161930130057704,1.0449970190876303,0
1.6956198354400878,1.7689850658949258,1
0.9046914626655619,1.8721943827265883,2
1.7781730954544446,1.2527229441872032,3
0.32841750433168493,1.0165519372286242,0
1.6710182559258784,1.5381750917100272,1
0.8959944973895457,1.86033763870655,2
1.5978326508208278,0.8861326613949837,3
1.1065032668480947,0.9616805359790659,0
2.751011318929448,2.225782582789715,1
1.1316219285941258,2.224059791951889,2
1.7980574964975602,1.1440741493802205,3
1.0950092416157273,1.5386388477238615,0
2.263174796173411,2.4675201772533124,1
0.8220884994834536,1.985786828619883,2
2.1682097605296797,1.0500670210561822,3
1.0241447078981214,1.1881849518698646,0
1.629244440014482,1.5616813264124056,1
1.4313243897874397,2.2706370236861604,2
1.9010195658700713,1.1462719410208146,3
0.7595849664208434,0.7589213342691576,0
2.1800861977768244,2.416657100073231,1
1.1218500250378187,2.022338328268482,2
1.9794963166655075,0.3967793874249854,3
0.8642397091066725,0.7115996829319255,0
1.9645688480944055,1.832529550682839,1
1.1045760429495697,2.1095743039186905,2
2.102434383142985,0.887977730177986,3
0.9978500733932885,0.7358728027328784,0
1.9076696926565102,1.9098902532953304,1
0.4519359696649532,1.9180450997884932,2
2.079462961896394,0.6598360528859517,3
0.9505034180435634,0.5935144534127625,0
2.13844401303732,2.375948967279835,1
0.6655306198937797,1.7996435617413675,2
1.6677218112046206,0.5140473203380316,3
0.5326871880738757,0.8088939868835514,0
2.2773605789865625,1.9483787004978879,1
1.9170290724375691,2.7127977683197866,2
1.8642010088372793,0.47313183604523,3
0.6981878403166348,0.8153231838499301,0
1.7812570836300987,2.324429949769141,1
1.025237060119322,1.7460824847270318,2
1.5754368801677772,1.161577952056914,3
0.8268734605710623,0.9006479727140098,0
1.318689993918311,1.803711620849399,1
0.8465571356555865,1.6390864017822429,2
1.8766591404438107,0.5220321161699575,3
1.295705829856181,1.387216205762789,0
2.2885968092836206,1.9327750038967912,1
1.0499508772768513,1.9071598588839003,2
2.489865277274674,0.9860561733613894,3
1.2051608833788563,0.8983252689100731,0
1.9511518730636839,1.8950322646713866,1
1.1651708333265791,1.7389154797646358,2
2.124855527867784,0.6410383655986974,3
1.423401904592275,0.566936381228536,0
2.164703113653745,1.7731196501438167,1
1.2225033107594339,1.9614010493865026,2
1.4299880039412862,0.7298072386186554,3
0.427706255167689,1.0757940904000285,0
2.384514628860047,2.0118146124994993,1
1.5260815166684352,2.0445571623390215,2
1.7306405384221981,0.5909954534434229,3
0.9993759229954041,0.9606023060520252,0
1.6432190886103937,2.0112172936448833,1
0.944447021207959,1.6100971331125087,2
2.008462379047963,1.0433864596521873,3
1.009210905673354,0.5359794960382278,0
2.051727601734949,2.253550953101714,1
0.8738497017021845,1.8118963777507957,2
2.517252732983556,1.0659782883387225,3
0.672836069093507,1.3490377165649086,0
1.984707249943687,1.7283873314160298,1
0.9222955159070121,1.893185837358581,2
2.010858709930844,0.8968981484979919,3
1.2908146058027663,0.79582158018664,0
1.85690079866671,2.138682489014686,1
1.2255975848972884,1.8430026054594264,2
2.1945022955076556,0.8094102062428041,3
1.5467793600013788,0.6971330627489265,0
2.0110231452678122,2.4427478014483492,1
0.2415868674569266,1.5086158006099855,2
1.618227111396038,1.0949937239544025,3
0.8383888761681945,1.0827122791381594,0
2.035818300796146,2.0563838388420987,1
1.1094317656837767,1.4557403052676006,2
1.982258966472408,0.8279963131425399,3
0.6620029883125613,0.861992401381556,0
2.3112884824864017,1.7979877615415454,1
1.310335654794248,2.074256834071997,2
1.663443344423237,0.9576571474816908,3
0.9510480821764837,0.8881791515269011,0
1.9253714714488435,1.9230063580932495,1
1.093615852032417,1.8688340081802095,2
2.087736583430857,0.7835024030161232,3
1.2463109639952572,1.1676710823749636,0
2.1298044641678615,2.0536142627445697,1
0.8758232122863536,1.8723549869542957,2
2.1038522307000354,1.7418295414830518,3
0.6890717672700668,0.8072340238852198,0
1.9322202088786766,1.8811534329400321,1
0.6907021702321403,1.9753814423595555,2
1.9463595373963967,0.8303990048479104,3
1.0509305495933883,0.981069041967267,0
2.104634930216703,2.1324968376720452,1
1.3344723795082136,2.127028444312288,2
2.5505526229654643,0.7509895052636841,3
0.7771907832654548,1.1201384807998989,0
1.8251420384482944,1.8375869213459983,1
1.1533824297520463,2.3537842791060988,2
1.7747296786146394,0.7520011035914661,3
1.2318985302781542,0.8214926799242233,0
2.03411918848447,2.3219439557693673,1
1.1321494072118952,1.9749510435437665,2
1.9495993670767668,0.9144607236055504,3
1.2231797713092911,0.5413213828157295,0
1.9648916282641387,2.167666314600599,1
1.3072203619454665,2.373976449595537,2
1.9228171309179005,1.1060183791900586,3
0.5444820212843966,1.141404318915209,0
2.1961958936172796,1.8690813754142699,1
1.0363426583688435,2.032989352053159,2
2.4005899608509456,1.1777005848725208,3
0.7639634551417722,0.7180172178800921,0
2.441095064533621,2.129152605355422,1
1.338382254589466,1.8965797849490862,2
1.6817857616343876,1.0780561362122922,3
0.9255026018535659,0.8084135211922472,0
2.4425320551831278,1.6621789828916314,1
0.7398983671475519,1.706591214141473,2
1.8225768987506026,0.9980661083545055,3
1.0925085281942588,0.5883621869567961,0
1.7238988770522554,2.1048144788380565,1
1.0892674748744677,1.8461477095005523,2
2.3044659500576823,1.0825139735232514,3
0.894918523131008,1.8940561888663217,0
2.246321495729742,1.861976649943798,1
0.8372656116764039,1.570339623145762,2
1.9126733560430165,0.9614272017419959,3
1.031098842705555,0.4587739025536899,0
2.3337212293601146,2.411773605615604,1
1.2857428447373656,2.002160061376314,2
2.0373509595542485,1.0399916666490059,3
1.1696548372656543,1.15538939240189,0
1.897905308119258,1.9178535626393358,1
1.208168275219866,2.3908686033668203,2
2.6235141321798485,1.0849167794541104,3
1.391392381373397,1.0419595023972337,0
1.9607555463307982,1.7278222797089633,1
1.3056274248521478,1.9799488380394628,2
1.8508414831042672,0.8613501501107967,3
0.8151505652546895,1.3984784254503702,0
2.008709486169527,2.1042324658555227,1
1.127945437335098,2.0113137637725913,2
2.1223691173000288,1.226352270176247,3
1.201401329013135,0.4906805906275533,0
1.9661566371742292,2.1349277509912037,1
1.1200900515595815,1.9226469048845471,2
1.3246813348527868,0.1137038271770725,3
1.211452912536003,0.9341267804961597,0
1.9362638660513911,1.8421022657777917,1
1.222002673468538,1.7216266081556666,2
1.9192975620358839,0.9044264712131026,3
1.3141379236811805,0.8944038374769951,0
2.341015022199626,2.0900833267904715,1
1.1689243508677807,2.335215952302854,2
2.2548902705124814,0.9934534205190351,3
1.22235568679008,1.054919200557632,0
1.963597313907699,1.5464612933083512,1
1.092408435106567,1.5570903519332673,2
1.8438044016797686,0.6635236504991285,3
1.165803557063078,0.9942336030951735,0
2.159212331707174,1.8140751739042498,1
0.9604442434462996,1.9159504748803373,2
2.0839380066234026,1.6961485752301193,3
0.8827875482020113,1.0190391081355683,0
1.5940190911947416,1.374207588894015,1
0.9135795024071295,1.5842769931975504,2
2.0103689171066237,1.2740785432896171,3
1.1786997213417152,1.118113060611731,0
2.0260470341960333,1.6905488763993992,1
0.8325529877702434,2.037857857029081,2
1.9929892513215421,0.8811501233596724,3
1.456840836910465,1.120379615191683,0
1.5177104657245184,1.0548279012823918,1
1.4702433236611876,2.2521423913416854,2
1.775765359489668,0.45279533735651833,3
1.1797080086465304,1.5946002282498157,0
2.1373357000036375,1.7032613559656946,1
0.846784403152183,1.7512249483380535,2
1.855599632359165,1.0118090387936998,3
1.018703375103698,1.1514787765674899,0
2.034332839364424,1.599306727074097,1
0.8015851642616969,1.817340292996962,2
2.4732229281439517,1.1855287922221696,3
0.8294060223419433,1.0118674096510818,0
2.3754575602658763,1.8228867955210468,1
1.3623731938431676,2.36177606764299,2
1.4632922652022504,1.1676603245338575,3
1.4644035897143461,1.0881614248244607,0
2.0888208192828843,2.089038601847247,1
1.0243565370718992,1.8379585498845987,2
2.253800889556818,0.445437743375967,3
1.4104528307157251,0.6987929098086909,0
2.0095473381396163,1.2117533671632312,1
0.9753156529013963,1.575387216274517,2
2.036358291379618,0.46668564753367436,3
0.6037810718033567,1.0869813541262392,0
1.8708913633505935,1.8854166708756197,1
1.0980523222141396,1.9786423099981945,2
2.20744037838934,1.195624272160686,3
0.6126076827242495,1.7552854295411462,0
2.1729104562742654,2.099404250579028,1
1.4424839933705498,2.0040675974708844,2
1.9870218317008532,0.9325144508784433,3
1.3531150686817168,0.6476553227324502,0
1.9191358619102032,1.9061384493322309,1
1.7063854207324092,2.3325770859721633,2
1.6476554057663118,1.4742444289430998,3
0.9527175304216811,0.8369098004356674,0
2.1450569236903174,1.87464347369902,1
1.1638920969913167,1.972733272566267,2
2.2796662450884178,1.376443961776868,3
1.1176687199547612,0.9836383233251332,0
2.0058441179823685,2.1735005613735647,1
1.1083370734017601,2.0154445627352393,2
1.642928929017827,0.88514654174467,3
1.2635775480270675,1.4153070432320678,0
2.2961537181738483,2.11637561364931,1
1.1210619573180491,2.154412954833838,2
2.1292323627577434,1.6083907470370036,3
0.9374009842304416,0.6681814818762757,0
1.9271215275452613,2.0400403466222436,1
1.0435489224400063,1.5945939360894554,2
1.8487795737227724,0.557583699901797,3
1.1591468482837008,0.9534681149522016,0
1.9486736831792737,1.8787027296149486,1
1.2076516554628325,1.7172959219332005,2
1.9154201136693128,1.3883147908550038,3
1.323813999939162,0.9569746208498926,0
2.3230240401504303,2.586810209190122,1
0.6338839481184899,1.345629569063568,2
2.1352844164421456,0.7840325450284915,3
1.2346997845198702,1.09505380533501,0
1.569168973612325,1.982959432085057,1
1.0103437558188917,2.2268307051460083,2
2.034727573600557,0.7449831129684625,3
0.9465302677062352,0.8729106797809698,0
1.778014533536507,2.0701744414673935,1
0.8043024213057328,2.0397529042325444,2
2.606007020294614,0.8675869598564867,3
1.2018151902047391,1.7155170736641705,0
2.2594547102115388,1.873445893463655,1
0.7333162281654706,1.622725201467119,2
2.06111472475845,0.7741846734372928,3
1.236913523176931,0.9627545918790719,0
2.0824531794380055,1.995957128532418,1
0.6451450291282813,1.4388444658437425,2
2.307476573767732,1.1359307169967767,3
1.200137485558709,1.0322593082012232,0
1.6409079969891271,1.9156080396880937,1
0.9803601300031803,2.2025779902664233,2
1.8474360213940964,0.8076761189127483,3
0.6377081334750353,1.0876377615456663,0
2.191176334727297,2.042562127288785,1
1.6918874132824278,2.4903041099175605,2
1.8224681709941133,0.7770638946675642,3
1.437922739579614,0.9106703395935761,0
2.0009102636530156,2.022731566529416,1
0.9688012129801147,2.177543964790865,2
1.4573071725420814,1.0384734731277248,3
0.6815463206821171,1.1381677220288307,0
1.772802111505621,1.5990730906275394,1
1.0827440204622374,2.3002578150865256,2
2.014874527417142,0.9899875260196316,3
1.5178699188578682,1.265921927989457,0
1.9583255373782305,1.4727093691820912,1
1.1456075411645172,2.399447554401508,2
2.469056788465112,1.2787245609101567,3
1.2881366927873803,1.6512109202739893,0
1.869589603956252,2.440430308221969,1
0.9128578045745732,1.750417672159458,2
1.492973051437064,0.7404206437326627,3
1.4585143349786183,1.201577270206232,0
1.902352907173098,1.9307349128313842,1
1.1225507946380466,2.0495018326743666,2
2.546723146530128,1.189129165621536,3
0.9409696994385195,1.0389242459460037,0
1.913442680688366,1.8322155017511448,1
1.2004904431747823,2.01980350974338,2
2.140258777713973,1.1512224652142096,3
0.9707675923777037,1.2399497754709121,0
1.9580649036195454,2.0262333207732803,1
0.6365076257254662,1.7352643161071657,2
1.9948806979009819,0.9764228133949142,3
0.750214370838874,1.437101401821841,0
1.8974400448690787,2.014123505224676,1
1.1333864004859353,1.6801834936641709,2
1.9161914762015098,0.9101651788907632,3
1.0412498018754952,0.8868329177084774,0
2.075107887934304,2.1921725635726728,1
0.8795705712305752,2.168073434793217,2
2.101017141046649,1.1750063885556377,3
1.2305750879858441,0.41312333006311064,0
2.0662405837999436,2.2602379155352654,1
1.0688037308328775,1.9028407062382504,2
2.7650283245050593,1.43172721858792,3
0.7639854650682596,0.8139691303755107,0
2.0029329815884935,2.081208194637571,1
0.935809851255759,2.143563174639803,2
1.932463254868341,1.1429930048292023,3
1.2320906414880914,0.8616455069374942,0
2.074237128392753,1.811481029359947,1
1.3644090943487581,1.7506827487563623,2
1.6508647926263351,1.093574462329466,3
1.403041541098182,0.8736095003866595,0
2.1522606486827662,2.095404687270479,1
1.1911203840651756,2.2135849762222826,2
1.7044103647684985,0.7743946622735289,3
1.1473920049535165,0.7996923805497584,0
1.7467878080792287,2.063235390196654,1
1.4050477699568793,2.386713341915696,2
1.8750784773203102,1.0624568565199974,3
1.3268334063180294,0.9280079144715896,0
2.1376404030829432,1.8955612044862358,1
0.5985839761735856,2.2058162709248452,2
2.1965337247637424,1.0366638575742468,3
1.1467741331207744,0.8605599820080123,0
1.9584725051786709,1.9439473788492332,1
0.61499497285567,1.7057239608428787,2
2.1476235313302254,0.7627663939318492,3
0.6926777732039999,0.9346866687111638,0
1.6328387163633953,2.0411161656958767,1
1.4158540279149743,2.479853522744699,2
1.917367163175449,1.003663160135056,3
1.31056413768672,0.7121006112785613,0
1.8592317341881486,1.2840506251145838,1
1.5262857261715181,2.2123492726883436,2
1.8974494540602362,0.46143474625369496,3
0.5674228005762154,0.9128879131292035,0
2.1268768242615352,2.0935928849833583,1
0.8636575556626818,1.625474393824058,2
1.9304281965759231,1.346919696881095,3
1.2208306798338282,0.701363452689824,0
1.7189566771078588,1.9439972505191514,1
0.832535549883963,1.8701748224847858,2
2.087113410144078,1.1869629732673632,3
0.8461665491434895,1.052128403885222,0
1.8635135522584592,2.1204161939008723,1
0.8226090614049621,1.7536010997334415,2
1.9425468141457878,1.3888884212069483,3
0.9064707474781409,1.081234746943916,0
2.193767225804921,2.060560971279878,1
0.8429241079574348,2.2596486215161766,2
2.398891515299527,1.2080114310836068,3
1.3364493648069016,1.0059967033045683,0
2.1250779619977673,1.7507210657146495,1
0.7979659751801744,1.886904093887459,2
1.977011361618041,1.39289767225406,3
0.9814993485907981,1.2166903002258098,0
1.7958718125701232,1.5159845310604907,1
0.9339328471535608,2.081522146114273,2
2.2962422504007565,0.6678548755816166,3
0.9825669654818968,0.7304799847831562,0
2.2043725361270363,2.307150745994162,1
0.9547762857119244,2.11694214913255,2
1.901414097110108,0.36663705779816547,3
0.7130665154086452,0.6845557155692459,0
2.506964061022249,2.352020436062668,1
1.27520922228371,1.7859054117150706,2
1.8069835519466675,1.1078552731815139,3
1.5409651637851276,0.9871976328508373,0
1.8243115109372057,2.2585599459452697,1
1.5119527300014872,2.3156748676944,2
2.263909966178791,1.0003543872155412,3
1.1631747094372678,1.2030261098392312,0
1.3008046820158725,1.35333677574003,1
0.32495177501152495,1.7092846773284933,2
2.594806875898383,1.0157661872509611,3
0.734410976468588,1.1778446548467671,0
2.2485460522675815,2.332043790049788,1
1.2170575626814606,1.984985493378948,2
1.2601043204193934,0.6131095417872006,3
0.8403371465015963,0.4094788742415064,0
2.017608615206836,1.694853505670181,1
1.1598976920752955,2.0927043346909646,2
2.0383291386717044,0.4156484054878462,3
0.9391746374390054,0.6959360049890035,0
1.658157983554161,2.195902468299044,1
0.790561579894849,1.6243186200339725,2
2.3861282770760317,0.8853254367908019,3
0.9044070405328869,1.0970752201302967,0
2.0321649649123663,1.7570633152465458,1
1.4430610597560247,2.294154010224821,2
1.5326325887018317,1.1475702588371886,3
1.645599702980514,0.8597725657834699,0
2.4118154745219327,1.8424755437736517,1
1.09011299384813,2.5110340293928752,2
2.294025981911537,1.0167930589204157,3
0.9536243077560478,1.105110620106562,0
2.2021607327642725,1.9977009328925723,1
1.0297146178419907,2.0520855232941635,2
1.9059069188309719,0.4897921926070786,3
1.0527562526477328,0.9551894484952921,0
1.963984940101204,1.4260938484395753,1
1.2933415961380987,1.7388311690483373,2
1.9623689950027559,0.7654677346547505,3
0.6937012666234357,0.729425443082391,0
2.323127467225133,2.3835011051559185,1
0.8782538742079358,2.011829117285269,2
1.9313163925090602,0.7446918164339167,3
0.9481332268518711,0.6719570715103551,0
1.9694808313719825,1.775145215496868,1
1.0564062195864923,2.1523883522488974,2
2.3347724264652268,1.389747370603367,3
0.8139550121849595,0.6460369382360164,0
1.8488861837932675,2.072788504049806,1
1.1060605859781292,2.0718823603284666,2
2.272892777724099,1.421307232203401,3
1.3180517824494786,0.5763469265577694,0
1.7793764682972661,1.9000244101186057,1
0.8677097110826838,1.7492436227982446,2
1.3532024012212915,0.7971146077117365,3
1.537971710611767,0.8358428872423433,0
2.1522314354053877,1.614789838745459,1
0.8692856858270559,1.8894466778556445,2
2.6056748029336774,1.0285870897160696,3
0.7016247892348805,0.6654657441326988,0
1.8047027266501705,1.8472014705672497,1
1.0753333287275,1.9292087526475457,2
2.774801551403045,1.4012479163625167,3
1.2204702528988636,1.2903657489587022,0
2.2577173088684175,2.1165702634400936,1
1.1784642244212011,2.1767185303740515,2
2.5249267979295915,1.1716367477241065,3
0.7599610062637006,1.0937735733634335,0
2.1652838445662326,1.9715944269401482,1
0.6571320794806577,1.7631292443900644,2
1.5023319208541697,0.6262329748858615,3
0.9576891760543211,0.9314274430447743,0
2.110121602825943,1.970259046456534,1
0.7032621099401553,1.7089050923442235,2
2.102251648626873,0.8534534344148229,3
1.0427650191851412,1.2163943272269737,0
1.959169994691342,2.693830714211738,1
1.2191295004364986,2.553021966588757,2
1.8868358397767422,1.0614125991692638,3
0.45789502519182324,0.37001274727986244,0
1.5412777590500455,2.2970516118327997,1
0.8569476542882488,2.1692840567735012,2
1.818128113368067,1.1199861468289374,3
1.0584607312164842,0.9799531392304572,0
1.7909328430396987,2.3399707703471906,1
0.6946125270934572,1.93475121516725,2
1.9065281136007244,0.6687816491903242,3
1.1936793670115455,0.5170350232857932,0
1.7662232755305514,2.2994917157521004,1
1.3059524607705664,1.4705042292141965,2
2.0147737710065323,1.4714515551147884,3
0.7209559599263503,1.436578004955197,0
1.670563328654214,1.9269940340655491,1
0.7537847501004171,1.8359243016944335,2
2.25947947612758,1.383562041116665,3
0.6293995295168461,1.1027946504118469,0
2.0082146778665906,2.078188764349611,1
0.6858856722278588,1.9410823171491052,2
1.649115343615029,1.2244951985324792,3
0.7751761217084882,0.8853677329641367,0
2.05320649123522,1.3603595999996008,1
0.8249597213898646,2.0124706142838336,2
2.4214071606791983,0.9093576687947057,3
0.6103112095222241,1.3354652245580614,0
2.3737591432271627,1.9384695502466067,1
1.3387676744867951,2.3694655767327895,2
1.8121092456423689,0.5059472303240162,3
0.4615180638634919,0.6611147254714316,0
2.1032190363627468,2.311172656942717,1
0.7306225686722805,1.9172989041626511,2
2.7593182655406077,1.2982968310819227,3
0.7425945651106797,1.3327514949606534,0
1.8533873152428466,1.780858780992825,1
1.473477905394405,1.955208665861956,2
1.7979326742761932,1.225018509388988,3
1.0846295573974234,1.19212577112729,0
1.8797754375392635,1.6222896882158462,1
1.1403293771901493,2.1534845820297326,2
1.9065639533112373,0.8699013514460467,3
0.995004805367355,1.0667624548920784,0
2.115100876461792,2.155221111813156,1
0.7013839585455535,2.1639595459129604,2
2.1753413664028525,1.191786502822745,3
1.1397344457950889,1.4373533635960727,0
1.9360068032059452,1.8883620589853527,1
0.8009577635054563,1.5917824676607186,2
1.9947352154381333,0.7178048617087861,3
1.069821847289478,0.5845674689125087,0
2.142785731631885,2.3363294953107823,1
0.9034703241094205,1.787247712629509,2
1.6475305463401715,1.250128463093111,3
1.3244488591912726,1.0270275966952336,0
1.6877736699316244,1.556488449006346,1
0.9007093372722431,1.7107027049675578,2
2.0887060026916946,0.9925127778092802,3
0.6867690267607617,0.9501387496362897,0
2.1877578693694355,1.8030719626826393,1
0.7608233793477416,1.6044660390863135,2
2.0185498851220554,1.0917102761730835,3
0.7220347215780404,1.5902030027194052,0
2.1605294646293625,1.8433705017729975,1
1.2179020157347527,1.9576639256564692,2
1.990531673982094,1.2988307027637265,3
0.9025257062013782,0.4337264791076664,0
1.695687885550848,2.229605669846404,1
0.7906495296776368,1.8092669187953863,2
1.7740241787138635,1.024743126320901,3
1.0857676495196087,0.7652759479076557,0
2.009836619505735,1.7585800108986027,1
0.789870968968167,2.0006285636216954,2
1.9414137398160187,1.2393138288863947,3
1.364519034791119,1.0381626837023203,0
2.1195582437013942,1.5232029258059911,1
0.9708945689225426,2.4398909568424187,2
1.665608468408461,0.593667798982855,3
0.4969357701985847,0.8583547767212443,0
1.6802647927440613,1.7829720746980602,1
0.7779443792671943,1.8441739445578256,2
2.076678917750589,1.0571747899843362,3
0.6922214302696128,0.7856460796634528,0
2.294861372857703,2.181154145104499,1
1.0354574998185377,1.9635494318067477,2
2.198270835997017,1.0988147918645863,3
0.8179214462979442,0.43182993547972814,0
1.8603559130719944,2.5469974339007555,1
0.9989866851578171,2.2599125721621536,2
1.6861988826430725,0.7903070805481582,3
1.0555115293201756,0.7522590948582986,0
2.0496431543933125,1.6993965869141596,1
0.9546721778044691,1.9495173460649902,2
2.148252387237241,0.9985244300866195,3
0.7472491474114844,1.2126701016524315,0
2.1257305676398026,2.17707805765264,1
1.1110677316552064,2.159841186141595,2
2.054017384328545,1.3537182615331975,3
1.536533461146885,0.8220695466269206,0
2.0905203694993104,2.168008957236741,1
0.43440150860438453,1.5655710237635174,2
2.1930545889719286,1.1987905897751967,3
1.512535185729034,0.4184002203213042,0
2.169947099025018,1.6661074389428334,1
1.810162790554397,2.159774042676866,2
2.279203290864984,0.6892821237547218,3
1.1591569765944372,0.8353655281094918,0
1.5788916366874268,2.1528479764684243,1
1.0188831000753076,1.6314106683223735,2
1.9905462408555825,1.132021967761954,3
0.9790687978554224,0.7209766925670635,0
1.826200495924563,2.0368017442207575,1
0.8406768455530886,2.017248672400001,2
2.7334705028672444,1.2631119176684036,3
0.8317870752360468,0.9109577644883989,0
2.206593687847692,2.0271835757100747,1
0.5486436979868579,2.1103905605962536,2
2.0637358291611068,0.9425659235644793,3
0.9018703989199139,1.1163738001912402,0
2.0884603126211148,1.7811261637600682,1
1.0643479692396864,2.129128814180558,2
1.7391665788863975,1.114698030548605,3
1.6580027127493886,0.8206626935262891,0
2.2207991313136155,2.502137478671398,1
1.3275451057463639,1.9626968395450108,2
1.9663736307556186,1.0596112118621839,3
0.9563262674135271,0.5052264098282527,0
2.1114678081394858,2.18203795728888,1
0.9819022158401081,2.3945695825098374,2
2.342134427272956,0.567545187179906,3
0.2873553575201343,1.3934801544640731,0
1.9092350396312057,2.045776431011752,1
0.7537536543167781,1.5263515726874939,2
2.1569179943062626,1.064453130979921,3
0.6240040463835361,0.7891134877814393,0
1.7810261028270222,1.9582243661947265,1
0.823638054228035,1.7773414199463948,2
1.9026815572650282,0.7123052476380572,3
1.0060134764296138,1.257646380744983,0
1.9291597557968199,2.2062777242717706,1
0.9019423013368152,1.6544950989628715,2
1.7962773130908367,0.9837219248808252,3
1.0891735421659503,1.5278433908189815,0
2.0236637640838,2.141970458931299,1
0.8985465246879489,1.9421773127707849,2
2.6062059732768406,0.9858887441524323,3
0.9483818772125359,0.4828881894058431,0
2.129031335769677,2.1531440158107795,1
1.288325004714078,2.13391954442879,2
1.9039331897221683,0.6119593993269375,3
1.0393026119838344,1.0337856085794035,0
1.95480365965895,2.4298430058485008,1
1.1139430963737755,2.1227559670828873,2
1.7660341953863994,0.7849423615822149,3
0.7683803289957338,0.9059154080549845,0
2.058652054198184,1.8019443286058179,1
0.3592214145204259,1.8159159317122096,2
2.1912134759589788,0.5113472730533858,3
0.834144440110451,1.4905953076830845,0
2.528564152374809,2.274019930631349,1
0.513558958628636,1.6905402792406172,2
2.013848406958699,0.041316737216414046,3
0.8266876873565395,0.6058750802353116,0
1.8261381638603174,1.5993864326816865,1
0.8930688168890312,1.6207765520054567,2
2.2665817035708757,1.3580751685741954,3
1.079035801658124,0.48459516527812807,0
1.8254920520138325,1.7450388005220123,1
0.8175704710284832,2.1402154032613088,2
1.6405934177771322,0.8708181586128527,3
1.1207787759690062,1.1151135189028059,0
2.262156851889184,1.8929472586542593,1
0.9933797038989312,1.8160579629488194,2
2.000002938359026,0.6169346758388553,3
0.7611935670596298,0.8416589607616297,0
1.7667769771845812,2.1148998426694567,1
0.8379433036044246,1.908830566037833,2
1.6841225262232875,1.1497020739724144,3
0.8301471796376697,1.4567551266736405,0
1.7457395165455574,1.9178350379906,1
1.017964033952502,1.875517462748689,2
2.566918262134128,1.16746334767203,3
1.111709640152767,0.6595101329887725,0
2.224265829315504,2.2486648424903217,1
0.844307779342996,1.8091577432058665,2
1.7127456029328645,1.1972230282792584,3
0.64716151370574,0.978066608412826,0
2.412140948842114,2.1086512682177605,1
1.1747202233475382,2.1830243282908564,2
2.023988595757617,0.6527326464459217,3
0.9962269485441829,0.7826853680277105,0
2.114697332400623,1.7356669221882615,1
0.6534900966999662,2.0469684775273636,2
2.190313502983414,1.0634061727489308,3
1.0823734173534425,0.9441863793772141,0
1.961480846994092,1.8394523598743409,1
0.9526252751693451,1.4658798405959754,2
1.9922451770608405,1.6991625707755609,3
1.3045734189462113,1.1237182964436587,0
1.725523268490365,1.6541958964120358,1
0.6439166891230752,1.8172080526530523,2
2.217117187433806,1.0047099731122295,3
0.9736396626914825,1.0383623576140728,0
1.7389764696039411,2.065827470079526,1
0.6704883221514011,2.076050348115363,2
2.3583041746821305,1.422069324578113,3
0.7503322425806838,1.250243447734086,0
1.7848642991092025,1.9829846382640952,1
0.4741480439063587,1.6763402325217416,2
1.8029034988349542,1.2326702056342136,3
1.1083865898774259,0.8820562438460584,0
2.2576507902611165,2.5418356534438824,1
1.0818177275566312,1.9456866497046796,2
1.8285840311875419,0.7856612482566593,3
1.0333178956529494,0.8482024715031196,0
2.504728524525659,2.245258250139603,1
0.8650263305210681,1.995136494579482,2
1.5341600210099768,1.204006955173375,3
1.7034820317118367,0.8723358150820579,0
2.6341368702970724,2.490327473496799,1
0.8953915748827421,2.4066730428089738,2
2.2316416886929322,1.095831582045146,3
1.1467490174654669,1.1030814623315506,0
2.224390256412019,2.111973961381014,1
0.4684182833105974,1.7380417425511276,2
1.9350360860793734,0.7290102702878933,3
0.7741928799748886,1.0016002666872816,0
2.2823424966908985,2.193721139294206,1
0.3725175200600397,1.6506424816255056,2
2.0813996456520374,0.7060320140834276,3
0.9092259567094381,1.0705730892060192,0
2.2308721379305245,2.1330818308833424,1
0.9267999585903176,2.2069533244746324,2
1.6939373822720438,0.9380774870695906,3
1.0724949607037106,1.2171171604993039,0
2.2279014767479053,1.4464211107218996,1
0.5019613211426749,1.4620500243358672,2
2.350867303827445,0.9109468705261233,3
1.221471525425426,0.8848651836909984,0
2.0740692302335155,1.9888219290066653,1
1.1392285609685575,2.4402611383658086,2
1.91928801389038,0.9351317310008128,3
0.8515382171163985,0.8331769121416543,0
2.4572014173140015,2.274174573815709,1
1.5285852020671524,2.266197909358097,2
2.1287861342868997,1.4822177667589334,3
0.7560393680062601,0.5070411002655293,0
1.658201949804072,1.7510439552177006,1
0.9366753238046267,1.8450559371574204,2
1.9042324449496253,1.4227086753313023,3
